intrinsic:
311.8249929802968 0.0 327.7690043828604 
0.0 313.86758138064306 182.86934729798202 
0.0 0.0 1.0 
distortion:
-0.14234208062507722 -0.0057550618201126615 0.004052667865970759 0.00031441998040354624 0.01931017759806264 
