intrinsic:
346.78233531211544 0.0 329.95501772487967 
0.0 347.948074113614 189.79046461199567 
0.0 0.0 1.0 
distortion:
-0.17452293027349908 0.018714078378423187 -0.0006049021060662348 -0.001942675865929216 0.008333727324192927 
